  9998    169
  9995    363
  9988    520
  9977    713
  9961    861
  9944   1053
  9927   1209
  9899   1405
  9877   1559
  9845   1750
  9818   1902
  9777   2093
  9745   2245
  9701   2434
  9662   2584
  9608   2775
  9562   2924
  9518   3072
  9455   3254
  9388   3438
  9336   3582
  9278   3729
  9205   3909
  9143   4052
  9063   4230
  8995   4370
  8911   4543
  8837   4683
  8742   4855
  8666   4991
  8568   5158
  8488   5290
  8384   5447
  8300   5577
  8190   5739
  8102   5863
  7983   6022
  7889   6147
  7769   6297
  7668   6420
  7542   6567
  7438   6685
  7308   6826
  7201   6940
  7080   7062
  6940   7201
  6826   7308
  6685   7438
  6567   7542
  6420   7668
  6297   7769
  6147   7889
  6022   7983
  5863   8102
  5739   8190
  5577   8300
  5447   8384
  5290   8488
  5158   8568
  4991   8666
  4855   8742
  4683   8837
  4543   8911
  4370   8995
  4230   9063
  4052   9143
  3909   9205
  3729   9278
  3582   9336
  3399   9404
  3254   9455
  3072   9518
  2924   9562
  2775   9608
  2584   9662
  2434   9701
  2245   9745
  2093   9777
  1902   9818
  1750   9845
  1559   9877
  1405   9899
  1209   9927
  1053   9944
   861   9961
   713   9977
   520   9988
   363   9995
   169   9998
    13  10001
  -183   9999
  -339   9994
  -533   9987
  -688   9977
  -882   9961
 -1036   9946
 -1231   9922
 -1385   9901
 -1579   9874
 -1693   9852
 -1693   9852
 -1693   9852
 -1693   9852
 -1693   9852
 -1693   9852
 -1693   9852
 -1693   9852
 -1693   9852
 -1693   9852
 -1693   9852
 -1693   9852
 -1693   9852
 -1693   9852
 -1693   9852
 -1693   9852
 -1693   9852
 -1693   9852
 -1693   9852
 -1693   9852
 -1693   9852
 -1693   9852
 -1693   9852
 -1693   9852
 -1693   9852
 -1693   9852
 -1693   9852
 -1693   9852
 -1693   9852
 -1693   9852
 -1693   9852
 -1693   9852
 -1693   9852
 -1693   9852
 -1693   9852
 -1693   9852
 -1693   9852
 -1693   9852
 -1693   9852
 -1693   9852
 -1693   9852
 -1693   9852
 -1693   9852
 -1693   9852
 -1693   9852
 -1693   9852
 -1693   9852
 -1693   9852
 -1693   9852
 -1693   9852
 -1693   9852
 -1693   9852
 -1693   9852
 -1693   9852
 -1693   9852
 -1693   9852
 -1693   9852
 -1693   9852
 -1693   9852
 -1693   9852
 -1693   9852
 -1693   9852
 -1693   9852
 -1693   9852
 -1693   9852
 -1693   9852
 -1693   9852
 -1693   9852
 -1693   9852
 -1693   9852
 -1693   9852
 -1693   9852
 -1693   9852
 -1693   9852
 -1693   9852
 -1693   9852
 -1693   9852
 -1693   9852
 -1693   9852
 -1693   9852
 -1693   9852
 -1693   9852
 -1693   9852
 -1693   9852
 -1693   9852
 -1693   9852
 -1693   9852
 -1693   9852
 -1693   9852
 -1693   9852
 -1693   9852
 -1693   9852
 -1693   9852
 -1693   9852
 -1693   9852
 -1693   9852
 -1693   9852
 -1693   9852
 -1693   9852
 -1693   9852
 -1693   9852
 -1693   9852
 -1693   9852
 -1693   9852
 -1693   9852
 -1693   9852
 -1693   9852
 -1693   9852
 -1693   9852
 -1693   9852
 -1693   9852
 -1693   9852
 -1693   9852
 -1693   9852
 -1693   9852
 -1693   9852
 -1693   9852
 -1693   9852
 -1693   9852
 -1693   9852
 -1693   9852
 -1693   9852
 -1693   9852
 -1693   9852
 -1693   9852
 -1693   9852
 -1693   9852
 -1693   9852
 -1693   9852
 -1693   9852
 -1693   9852
 -1693   9852
 -1693   9852
 -1693   9852
 -1693   9852
 -1693   9852
 -1693   9852
 -1693   9852
 -1693   9852
 -1693   9852
 -1693   9852
 -1693   9852
 -1693   9852
 -1693   9852
 -1693   9852
 -1693   9852
 -1693   9852
 -1693   9852
 -1693   9852
 -1693   9852
 -1693   9852
 -1693   9852
 -1693   9852
 -1693   9852
 -1693   9852
 -1693   9852
 -1693   9852
 -1693   9852
 -1693   9852
 -1693   9852
 -1693   9852
 -1693   9852
 -1693   9852
 -1693   9852
 -1693   9852
 -1693   9852
 -1693   9852
 -1693   9852
 -1693   9852
 -1693   9852
 -1693   9852
 -1693   9852
 -1693   9852
 -1693   9852
 -1693   9852
 -1693   9852
 -1693   9852
 -1693   9852
 -1693   9852
 -1693   9852
 -1693   9852
 -1693   9852
 -1693   9852
 -1693   9852
 -1693   9852
 -1693   9852
 -1693   9852
 -1693   9852
 -1693   9852
 -1693   9852
 -1693   9852
 -1693   9852
 -1693   9852
 -1693   9852
 -1693   9852
 -1693   9852
 -1693   9852
 -1693   9852
 -1693   9852
 -1693   9852
 -1693   9852
 -1693   9852
 -1693   9852
 -1693   9852
 -1693   9852
 -1693   9852
 -1693   9852
 -1693   9852
 -1693   9852
 -1693   9852
 -1693   9852
 -1693   9852
 -1693   9852
 -1693   9852
 -1693   9852
 -1693   9852
 -1693   9852
 -1693   9852
 -1693   9852
 -1693   9852
 -1693   9852
 -1693   9852
 -1693   9852
 -1693   9852
 -1693   9852
 -1693   9852
 -1693   9852
 -1693   9852
 -1702  -9850
 -1702  -9850
 -1702  -9850
 -1702  -9850
 -1702  -9850
 -1702  -9850
 -1702  -9850
 -1702  -9850
 -1702  -9850
 -1702  -9850
 -1702  -9850
 -1702  -9850
 -1702  -9850
 -1702  -9850
 -1702  -9850
 -1702  -9850
 -1702  -9850
 -1702  -9850
 -1702  -9850
 -1702  -9850
 -1702  -9850
 -1702  -9850
 -1702  -9850
 -1702  -9850
 -1702  -9850
 -1702  -9850
 -1702  -9850
 -1702  -9850
 -1702  -9850
 -1702  -9850
 -1702  -9850
 -1702  -9850
 -1702  -9850
